g1: -3.16308594
g2: -3.16210938
g3: -3.02734375
g4: -3.16308594
g5: -3.16992188
g6: -3.00585938
g7: -2.94335938
g8: -3.17968750
g9: -3.08203125
g10: -3.11523438
g11: -3.09179688
g12: -2.82226562
g13: -2.89257812
g14: -2.98925781
g15: -3.13183594
g16: -3.18750000
g17: -3.06640625
g18: -3.00585938
g19: -3.17773438
g20: -3.14941406
