g1: -3.86665106
g2: -3.53470016
g3: -3.38605213
g4: -0.70802236
g5: -3.19040561
g6: -2.97434115
g7: -2.91236734
g8: -2.07177353
g9: -2.17842412
g10: -4.55304289
